.Random.seed <-
c(403L, 62L, 1483780560L, 1104175640L, -1780592402L, 2105367843L, 
-1754160269L, 1529353244L, -1585258300L, 1575580591L, -417863056L, 
-1147012034L, 994073047L, -1285783135L, 613192423L, 1662022963L, 
-1704192686L, 1622413948L, -1604753171L, -438056327L, 640722977L, 
-1245507414L, -1455916962L, 644434069L, 2047699075L, -891711018L, 
804187275L, 1082494853L, -2108224304L, 568104654L, -2002122336L, 
1400634706L, 130428695L, 765116693L, 711660606L, -1455025754L, 
-932743996L, 2068757185L, 687181081L, -1273073810L, 539384174L, 
-207171443L, -517553730L, 1560021356L, 1471236461L, -1243325089L, 
-1835413299L, 1978232221L, -1745429788L, -423030678L, -392793053L, 
-702782833L, -1657196449L, -1470968L, 1181196756L, 290089223L, 
-1275463283L, 1834484948L, 2009143265L, -1627894605L, -232508170L, 
-1448110996L, -1504268450L, 428320468L, 1468342929L, -914464421L, 
-1866351740L, 633110228L, -68793190L, 442394943L, 372930151L, 
-1798358408L, 1885506192L, 843188651L, -1275139324L, 468128770L, 
1983265067L, 1832438061L, 711588627L, -253493985L, -165357250L, 
-1735955016L, -1403481287L, 230782557L, 2066537557L, 1016696782L, 
-328774902L, 3653817L, -1345020201L, -1582922726L, -846647689L, 
-85173727L, 414371580L, -1932514382L, 530034932L, 1051687894L, 
1129206667L, 1870662553L, 638113922L, -1288694686L, -41109840L, 
1039714701L, 93577517L, 731016842L, -1150458950L, 1545049897L, 
251348450L, 553049696L, -2118459023L, 81000731L, 1895622745L, 
651925145L, -1441725328L, -959242602L, -1610768225L, -576723173L, 
-2133292254L, 1996545153L, 2130396404L, 495064742L, 117403189L, 
471292012L, -1498906196L, -944603743L, 2127695137L, -1582974485L, 
863485768L, 1684932123L, -1950511605L, -713188595L, 1040970335L, 
1949819428L, -39234805L, 15583770L, 1342833131L, -126326627L, 
1430414788L, 687111543L, 2037147117L, 749332684L, -1960267776L, 
-1632999194L, -888223719L, -1920425372L, -2077869944L, -352327142L, 
-990443634L, 844764977L, -7798912L, -1025825241L, 387380138L, 
-670772168L, 21819015L, -1316548846L, 246539194L, 1399924747L, 
-596540573L, -1877361003L, -655824646L, 576532257L, -947375335L, 
1782821559L, 455398169L, -1786842462L, -1568107591L, 1685696848L, 
-409378759L, 1531063975L, -1667702794L, 1870562317L, -1063412117L, 
437736166L, -796702910L, -407320960L, -1382381370L, 186507415L, 
-1893979266L, -119486674L, 540085999L, 774387576L, 600602628L, 
-1006181199L, 337171601L, -1417908229L, -1604673531L, 872316542L, 
-85577045L, 2777614L, 1464852547L, -1107120457L, 801745993L, 
1575866770L, -1786342345L, 842467107L, -807070988L, -1765606697L, 
-2103784091L, -1588210222L, -2013679570L, -1248985624L, -1346087380L, 
-837979107L, -1427855438L, 292851187L, 1973902346L, 1864196778L, 
952301136L, -2048009795L, -1264300804L, 589777572L, -277284979L, 
-2039088350L, -1864187722L, -1462166689L, 1183085863L, 1880902413L, 
273647079L, 752884296L, 1920589813L, 192575988L, 1559120913L, 
98166577L, 537368075L, 661378968L, -1498852139L, 1450373561L, 
-2004218886L, -2115710535L, -2144027929L, 1380870008L, 993908492L, 
79699778L, 742848174L, 1871125783L, 2052567516L, -1987190631L, 
-1081850344L, -428841324L, -1907530878L, -1291464509L, -369795238L, 
-546530990L, 691133043L, -1124451676L, -901582552L, -295528219L, 
-158202507L, -273044025L, -2031973687L, 329320706L, 1920443511L, 
1265156994L, 712954375L, 696375899L, 741927317L, 747286702L, 
909047187L, 427299959L, 1596926792L, 1283360259L, -1146378567L, 
7326662L, -1927320126L, 1498541556L, 1749952432L, -849150383L, 
-1743753714L, 1500806439L, 1420790350L, -1325574786L, 1777045932L, 
-753270231L, -470808904L, 186728712L, 1279840785L, -1105646802L, 
434269850L, -1683877773L, -1074631765L, 1879193497L, -527638645L, 
-1814357348L, 1617468977L, -1965398168L, -1278647695L, -2055667598L, 
416523758L, 1335087582L, 2038189248L, 1047999191L, 1574546844L, 
-434969534L, 1454554276L, 427048178L, -2087881654L, 1730756555L, 
-1343529580L, -626872468L, -374957631L, -645664127L, -1590635738L, 
699078081L, -1147724751L, -620179297L, -2097072315L, -871805262L, 
-1234454465L, 2034512053L, 1703503769L, 1169217849L, -318736095L, 
-1022505736L, -265535939L, 2049477655L, 1802952068L, 633915628L, 
1463944059L, 1235715676L, 1740053580L, -925524548L, 1661239218L, 
-587625227L, 1981231626L, -1390600404L, -1505219626L, -31717840L, 
1138407992L, 1228366169L, -271890538L, -457949898L, 1452329919L, 
1326453619L, -81666044L, -490399145L, -1325811877L, 587687353L, 
-1306925381L, -502224700L, 398919193L, 933124059L, 1905323071L, 
1385498139L, 368875027L, -1612722438L, 770560483L, -1478794291L, 
1871791502L, 1028136858L, 582918437L, 19572198L, 493614002L, 
883614242L, -463437100L, -384000989L, 2098757256L, -2114199746L, 
-411230296L, -319387514L, -901817402L, -122762537L, 659184360L, 
-1746670016L, -1517932203L, 305256277L, 1341664914L, -1751806739L, 
-2051597731L, -623636221L, -1970595383L, 184855062L, -1275421989L, 
-318222863L, -998208227L, 163918053L, -1230301347L, -1159999828L, 
-789669591L, -1681556221L, -1715512144L, 1190796600L, -902535369L, 
-10525864L, -70937832L, -1093926808L, -353616514L, 1140132361L, 
2022083326L, -657333040L, 286071730L, -605918004L, 869627596L, 
-403919635L, 1703316290L, 947823346L, 868160475L, -239254769L, 
509855624L, 570263947L, -1754277521L, -939206027L, -1344575433L, 
649745213L, 1767812472L, -2020396633L, -1747913599L, -1741682712L, 
-64508672L, 993709236L, -1968679269L, -1085157208L, -684940773L, 
-2128745894L, 106547999L, 974426841L, -1804934835L, 600796456L, 
-1830021584L, -73033142L, 1201571993L, -1930159270L, 1706073518L, 
664790181L, 682243133L, -786149671L, -1175981128L, 1166746213L, 
-1583605256L, -390232107L, -863631616L, 439021858L, -1482139318L, 
2113831857L, 1355673309L, -1702028073L, -395156142L, -735019451L, 
888089371L, 831352566L, 1023223918L, -1412720350L, -1619671207L, 
-471527114L, 812495429L, 1277328816L, 220701717L, -1855878953L, 
-404470273L, 494750922L, 1057052002L, -1725496552L, 1000769183L, 
-526331532L, 602695692L, 779364887L, 1723196863L, -349955221L, 
95389322L, -597081793L, 1131866582L, 1401991287L, 1436351106L, 
-441302988L, 2116461072L, -755773033L, -1354265357L, 508449825L, 
-908485788L, -1974001589L, -409909843L, -716777292L, 1102935180L, 
-501082096L, -175320457L, 1660568796L, -959324689L, -1798039482L, 
2081286619L, -1600304451L, -1688196783L, 1811137460L, 2067015124L, 
-551460178L, 1375573053L, 396775878L, 1469446210L, -718441535L, 
-554859183L, -1137048603L, 1301628292L, 608839529L, 1023133500L, 
1607139953L, -1010714684L, 786509454L, -699756474L, 1387811085L, 
-1303686927L, -901388637L, -1233366330L, -2091199151L, 2035307087L, 
-659996182L, 2078640338L, 2118267494L, -1329311331L, 2033206898L, 
1304999105L, -280570988L, -1659894471L, -1152363101L, 1179039835L, 
-770162710L, -1356576647L, -735951427L, 1098704689L, 30388633L, 
1863242754L, -167647511L, 1117254092L, 2016277872L, 1614165520L, 
1649141409L, 1176625575L, -2019133555L, -855714807L, 2001234385L, 
1578763608L, -1189607999L, 1761908086L, 1709855386L, -1011157824L, 
-720170644L, -648352979L, 847025512L, -912722051L, 284744777L, 
1509374147L, 1850039672L, -973663048L, -1115723086L, 65082182L, 
-446969738L, -1996266497L, 1029525024L, 833266891L, -1816855073L, 
-2074789321L, 806579135L, -437188568L, -119018805L, 2077456598L, 
-413375590L, -1028023542L, -472674077L, 1859498889L, -2066774657L, 
-558077445L, -367088897L, -1795216198L, -650626817L, -186292576L, 
1114982524L, 981083670L, -1508129310L, -1822481381L, -515551646L, 
-1766326249L, 1407119291L, 1181848445L, -1861425734L, 508169251L, 
-543911911L, -1504175324L, -555776847L, 296857029L, -1547730534L, 
1977915684L, -2089131345L, -150152842L, 51995054L, -95394596L, 
-1909349962L, -1535009386L, 1296011350L, -720845293L, 6749313L, 
1252686622L, -1755626976L, -1994145243L, 707607636L, 1695411828L, 
-1518905379L, -2097912721L, 1287994276L, 913499691L, 222905511L, 
